v2.0 raw
14 2d 30
16 21 30
17 29 30
17 25 30
17 22 30
12 20 30
17 2c 30
12 20 30
14 21 30
16 21 30
17 29 30
17 25 30
17 23 30
16 28 30
10 2a 30
13 24 30
12 2b 30
13 23 30
13 2d 30
14 23
50 13 40 30
10 2a 30
13 25 30
12 2d 30
13 23 30
13 2d 30
15 23
60 13 40 30
10 2a 30
13 25 30
12 26 30
13 26 30
13 2d 30
15 26
70 40 13 30
10 2a 30
13 25 30
17 2c 30
13 26 30
13 2d 30
15 26
80 40 13 30
10 2a 30
13 25 30
15 2e 30
13 26 30
13 2d 30
15 26
90 40 13 30
10 2a 30
12 21 30
13 29 30
13 2d 30
19 20
a0 40 13 30
10 2a 30


